-2.894314286483097576e-02
1.955941537554163057e-01
1.195392446359637706e+00
5.711463356098556154e-01
6.252928214576469745e-01
-4.573283337324114406e-01
-3.408269153468355128e-01
1.451632962273796235e+00
-2.192553237050416104e-01
-1.002989623128755392e+00
-1.262867392147575485e+00
-1.117381006028816293e+00
-2.764034540878301249e-01
-1.257996293929114273e+00
1.101447979324040594e+00
1.435283610893046458e+00
-4.863569717913937551e-01
-7.618229111126531006e-01
-4.145006877922003397e-01
7.132129459897235124e-01
3.883876634843671516e-01
1.921715116264176348e+00
-1.726466198328477475e+00
4.924600445395109771e-01
-8.600003818717971704e-01
-1.572411596537440559e+00
-8.015032421307938248e-02
2.643327809848652898e-01
1.789641774142223390e-02
-7.289962936889223810e-01
-6.139314467808948406e-01
-6.727520743860342378e-01
3.109362957998015542e+00
1.509329370450789076e+00
1.821715550518620885e+00
-1.148609343969962504e+00
1.021095099695563890e+00
-1.668932748379414965e+00
-2.401194671761488000e-02
2.592215497911845024e+00
-3.068249946762631630e+00
-2.143755367088357566e+00
1.492982139044677081e-01
1.244176697832408002e-01
-1.886316223928563129e+00
-1.580782081083810020e+00
8.518702761759030379e-03
-4.826163359033864286e-01
3.108057687373782518e-01
-1.627593329276296519e+00
1.190735917538993771e+00
-6.127626007506786765e-01
1.372373573587557960e+00
-2.880795620452126782e-01
9.111671405219164133e-02
-1.075407921079807982e+00
8.583084056061970335e-01
9.451691870057331579e-01
-3.862681921108759853e-01
-7.004899880462952533e-01
-1.030041041923753231e-01
2.124442025857111449e-01
6.818613679732705712e-01
1.485441523041957534e+00
-1.177499904348380477e+00
-1.615643790460465246e+00
3.253031743220784477e-01
-1.166379931430215205e-01
-6.908208509076819714e-01
1.634867236548340097e+00
-9.761325871187587211e-01
-7.503202524786450889e-01
-8.236905839609951485e-01
1.483651579918222829e+00
5.051354052089824798e-01
6.878592287337419453e-01
-1.444089049130118596e+00
-3.928164738779963416e-01
7.074044690514945666e-01
-1.475547564992013783e+00
8.168171961274759418e-01
-1.101311436308889807e-01
-4.905457809803597247e-01
1.084637415045427433e+00
3.945643413350181650e-01
1.711562735816988701e+00
-3.689185929408934084e-01
-1.158580150142051401e+00
1.483908902702179455e+00
6.071703470187441720e-01
7.625057686277648683e-01
1.730402849386756925e+00
-5.646069008424700053e-01
1.381986911167749910e-01
7.097057009007891049e-01
-1.234938750643672423e+00
-1.007351778495467975e+00
7.102455462153934862e-01
1.075272455521085746e+00
-1.652274630906779063e+00
-1.678285460255379835e-01
-6.696269207439652371e-01
4.030624735770603484e-02
-1.276349223166453495e+00
2.042163690102452467e+00
-7.738930960193460828e-01
-1.711362306690382029e+00
6.321813913723984824e-01
1.123476305335244341e+00
-1.193369885144511144e+00
1.180494259183431094e+00
-4.129916824604542014e-01
1.687824144570638785e+00
-1.722831169721304123e+00
1.122167283540312699e+00
-7.031027316407518768e-01
1.059166559681090192e+00
-1.071137573743846882e+00
-1.050112899792774002e+00
3.806838444887348794e-01
-5.344678553492840933e-01
-1.663597585131437073e+00
-1.692259698651402688e+00
3.536757021053806294e-01
4.744806511101586077e-02
-1.413837422252618659e+00
-2.862180945243693486e+00
2.234928113501142011e-01
2.464241280093466269e-01
-4.122859327412544683e-01
-3.486207576313625767e-01
5.143743993597560404e-01
-4.702545606924113386e-01
5.200405664392850902e-01
-1.478966286541350206e+00
-1.151622065826068964e+00
-1.014103642035135699e+00
-1.255244458349615844e-01
1.274922155379650590e+00
-5.200209685107453073e-01
-1.174173326659266214e+00
4.849646042457308459e-01
2.615076156385165440e-01
-1.277684165258047955e+00
5.289956846832170045e-01
5.679866872826029589e-02
9.420600644621833775e-01
9.019701971007502150e-01
1.347658465866913069e+00
-1.995022080294682476e-01
1.361109266981169963e+00
2.294572074992033972e+00
5.450334411587108852e-01
-7.202503904352288711e-01
-7.535793880435160963e-01
4.513704846766644074e-01
9.422315670957639444e-01
-5.518769277610422463e-01
-5.274706322462437980e-01
2.208772042111181999e-01
-2.545604095579998005e-01
-5.193279812431973452e-01
3.704724772182274584e-01
-7.308415650788874229e-01
-1.247358377772831650e+00
-1.049110880109463961e+00
-5.133607793062301416e-01
3.818621793944714793e-01
8.722896501850933015e-01
-1.016546251255965316e+00
-2.900783577466256702e+00
8.719492649450966137e-01
-7.963878599977590733e-01
1.649055209420460022e+00
6.390972679148254620e-01
-1.617736391189216416e+00
-7.276181168495283735e-01
-5.808221438524501234e-01
-2.156564790129974707e+00
-1.751676804088649453e+00
-1.042625002535695344e+00
1.991961389326554199e-01
-1.758902087571383444e+00
7.463209588073626000e-01
-1.295452554743349971e+00
-6.235453055348225693e-01
7.011478954563370447e-01
-8.889550899555581642e-01
1.540543924275411536e+00
-1.901432242384239135e+00
6.048747339754312335e-01
-4.344172571580692810e-01
4.244172862769310939e-01
7.115533853188881208e-01
-1.980983599699092990e+00
-2.535321834580644418e-01
7.434215011495995951e-01
-1.385387619087469435e+00
4.730104068809491691e-02
1.211592009673474690e+00
2.386215569092355049e-01
-9.916085393047720242e-02
-9.541960545208291733e-02
-6.019685817709007347e-01
-5.369734678599822342e-01
1.661581938510650502e+00
1.598418554079301668e+00
-1.169003552688310688e+00
1.193862473514027966e+00
1.991460229025134643e+00
3.150042087019776921e-02
6.715350218612259336e-01
4.221142230984441523e-01
1.829662735485914626e-01
4.487198271370604896e-01
-2.763328193990757242e-01
-6.292022097839736205e-02
-1.382214061160941920e+00
-9.356029145365551969e-01
-1.090423428454871058e+00
1.167247678383806164e+00
-1.146072539394596745e+00
-7.870890197215574258e-01
-7.596930214852235519e-01
-1.796149919992957367e+00
-3.554109822314011069e-01
-6.736369311497973911e-01
-9.248167962362247030e-01
5.487502163011013234e-01
5.977990940293900768e-02
1.281342510790462574e+00
4.796817318890170823e-01
2.530377791177173652e+00
-5.533843058444797292e-01
-1.173715934507875369e+00
-5.937610808058391143e-01
3.172901014435580702e-01
1.237331768871058779e+00
1.562493267438394451e+00
-4.214839502681577144e-01
-8.104619917889711589e-01
-2.550528482995583282e-02
-1.014200285600503015e+00
-1.787186264893820598e+00
1.896372889195837352e+00
2.566278133717826426e-01
7.469961535323069723e-01
-8.771485936550310614e-01
2.357881659987000889e-01
8.096746480764037690e-01
-6.478234096697248479e-01
1.119463697338464847e+00
-3.677445726869224552e-01
-1.084826362599256244e+00
-1.048328057947970349e+00
2.832542613600428805e+00
-3.658061743493541962e-01
-7.960895054451879727e-01
3.902460154287150096e-01
1.369048551562500382e+00
1.848211181969334094e+00
2.183588150706430753e+00
-1.092716701750100494e+00
-8.915478069777580394e-01
-4.065994066549356023e-01
-1.180448096432723526e+00
-1.898379125332406048e+00
-8.240927047417363760e-02
-1.721760544761729461e+00
1.618378862641186577e-01
3.595119375945855511e-01
1.701191017159930263e+00
-6.508020305673393180e-01
1.353651876729551340e-01
1.854860879012649177e-01
7.467891121240074481e-01
5.263533956172389283e-01
1.429594358352885841e+00
-1.305281707551564585e+00
2.316833315967572748e-01
6.967686517810754987e-01
-6.961211022095669110e-01
-4.188546551808983165e-01
2.132940941224116482e+00
5.410765440466068776e-01
7.072825008276995007e-01
4.261222188855279952e-02
-8.564839223122319711e-02
-1.161869828215197797e+00
-9.414936637524823348e-01
-1.939223187939060344e-01
-4.524559154711983444e-01
-3.707452214976703075e-01
-5.275970012882360560e-01
1.216206095525826480e+00
1.952747832132664674e-01
3.267760974301128774e-01
-6.544996285385822343e-01
8.970789484380929935e-01
2.196675527097283476e-01
-3.064478920186384237e-01
7.788547157537063781e-02
7.862330915842982160e-01
8.922624590797534339e-01
3.425597840957457507e-02
-5.067352521927014353e-01
-1.519036542828771763e+00
1.082460957028763548e+00
-3.314285492441651493e-02
-1.343786440829656814e-01
9.790430988374006216e-02
6.041876070643525942e-01
1.336730469469645133e+00
-1.187467506573808729e+00
5.311300092566298980e-01
-5.412278197735160834e-01
8.363203564779679855e-01
-5.786691489307760339e-01
-1.903409181393577621e+00
-4.782138143319053514e-01
-8.255383174728944118e-01
-5.691603082474240294e-01
5.948425377824447802e-01
-8.946672630308906138e-01
-7.249450605772816969e-01
-4.975607851997827513e-01
-1.021954462063640601e-01
1.041598682166749862e-01
9.700400987601640601e-01
-1.759011117352369050e-02
7.163227083874802448e-01
1.407846474513072765e+00
-1.580535745213715426e+00
-7.186824898136244810e-01
-1.224165444631867938e+00
-4.356961301631298022e-01
5.562749793495714856e-01
1.438971134023707910e+00
2.745600098213976992e+00
6.584718900976445077e-01
-8.087357301008447630e-01
-2.407376736349549962e+00
6.612190555237079659e-01
5.553196698557512356e-02
-4.384420980102954335e-01
-1.384683807351773321e+00
6.104172875895633732e-01
-1.665472761986928951e+00
6.857049561128305548e-01
1.099809530662925416e+00
1.352410477079806217e+00
7.431101561795370181e-01
9.579571277981160371e-01
-1.608696246477354652e+00
-5.543520135037568464e-01
6.168169944606288757e-01
3.053365397215602184e-01
7.751893952841855118e-01
9.421981313048968243e-01
1.308835040539783889e-01
1.162415897477474536e+00
-4.794613029466577858e-01
-7.254864420388181800e-01
3.339858566796864436e-01
7.154412485432406488e-01
1.056565950048899083e+00
-2.227916862526320152e+00
-1.097347581815190765e+00
9.208352249214241114e-01
6.242278728405264987e-01
6.516752734140469905e-02
2.528322714639159585e-01
-8.301642277463053832e-01
-2.565789705357380823e-01
-1.678871349236030097e+00
7.875408682418730821e-01
-2.275392895882062394e+00
3.427381612286078405e-01
7.117832833593351616e-01
3.497969027441909518e-01
-8.775256593106443015e-01
-2.007698188622710489e-01
7.929192732004518296e-02
-8.876797984679671849e-01
5.767467991579734443e-01
-8.678471122334777688e-01
-7.554297291961074023e-01
-3.983246096986663987e-01
-1.711611091135643581e-01
-9.056554422689215844e-01
4.404037253371372029e-02
-3.606916180989024334e-01
-1.804881527868623881e+00
7.281889938291353781e-01
6.974166943725295109e-01
6.744111077404785215e-01
6.019823020875745279e-01
1.443231882200405991e+00
6.884196633461795584e-03
-2.243080449315178471e-01
4.191185987504645327e-01
1.225862387646027701e-01
-2.504516908615947113e+00
1.305448966648241615e+00
-9.763537321218538345e-01
-1.451705058391099430e-02
-3.896510489056627669e-01
7.440872989115624447e-01
1.197156134987185233e-01
1.675086496477116993e-01
-4.613645688541360146e-01
-7.364059302719005995e-01
3.394025140750501768e-01
-9.190501632942392751e-01
2.336752288626495477e-01
1.039720223885630457e+00
2.619087919329520009e+00
5.022801184321229462e-01
1.970676837333276366e+00
-4.536339973606236531e-01
1.008991574366725485e+00
-1.477673289093983877e+00
-2.066430305593903449e-01
1.824373447562966266e+00
7.814834299581815968e-02
-7.869330284909951956e-02
2.797588418628953466e-01
-1.299755676514771752e+00
1.751686648746444863e+00
-1.690217725673884175e+00
5.336423233176524894e-01
2.119018536073540293e-01
-8.394093277900187555e-01
-1.974837121288202990e+00
6.975895164998281439e-01
-3.007318347266929592e-01
1.614058703453324251e+00
-1.766903986275187577e-01
-1.835450063644695096e+00
8.287280011205783170e-01
1.823215237040755887e-01
8.586191949517059108e-01
7.973164362827234175e-01
-4.763620415352982085e-01
-1.007784495614225007e+00
-3.681046998692304173e-02
-1.833085591204105746e+00
9.797272820489376366e-02
1.378375734084689608e+00
-2.668429704779680556e+00
-8.344641160970586169e-01
9.414840829399234723e-01
-1.493202916353512988e+00
-3.266551178457861027e-01
8.273107064299349833e-01
-3.493781134440396841e-01
-2.037004681054309929e-01
-2.934317552992640743e-01
2.338506975891431749e-01
1.844431648825749503e+00
-1.045239952790470550e+00
4.872710510872251682e-02
-2.208420159016078799e+00
3.546319076547384957e-02
-5.161780895346090858e-01
1.204046648391907892e+00
-4.076698154616298364e-01
-1.836435452453356876e-01
-3.616080053222831547e-01
4.659156910252952866e-01
-1.987971783909616708e+00
1.069552296879499265e+00
1.217910967295701807e+00
-1.369393369341881161e+00
8.240143065936622602e-01
1.064867650803087359e-02
-1.061707349397498890e+00
-7.528617390454179770e-01
-1.120039935246342905e-01
3.855413044030412545e-02
1.595231922620389042e+00
-3.667472711416339126e-01
-4.753287980651383915e-01
-5.542786348122602513e-01
-1.935881393214220481e-01
-4.950408862683396416e-01
-4.708281787731871670e-01
-1.237461001798890292e+00
2.510031226140689922e-02
2.756207261859159319e-01
1.175938280220121701e+00
-1.049181459877366607e-01
-3.375399162532567443e-01
2.113544719771674352e+00
1.651773841668932707e+00
3.170718008089048467e-01
2.355131127092896515e-01
2.760568088094472738e-01
-1.506607673334149911e-01
-5.981598552473433861e-01
1.211233166773767911e+00
1.873658132076316540e-01
5.753631635866327532e-01
9.906284724394781582e-01
1.341758354199138248e+00
-1.913869541935644958e-01
-1.076350929677564849e+00
-6.099450950162602636e-01
-1.524771293913820547e-01
-6.828212474628466699e-01
-1.381022736534883499e+00
-1.773134539522818631e+00
1.500302790937105835e+00
-1.046842721943107790e+00
-1.072002070371488092e+00
-6.925562324168256234e-01
1.677136198751407070e+00
-6.347806697437464729e-01
-3.124459810595702630e-02
1.750850503651092682e-01
-1.518584741819768158e-01
-1.810271641893143046e-01
-1.092968830135261360e+00
1.226880709636839484e+00
-4.904781317966326881e-01
-1.116229556076351770e+00
6.141088926126059278e-01
-7.715877341909088694e-01
-4.404529481198712904e-01
7.112128739528044141e-01
4.765177401513463473e-01
1.606400080461543478e+00
-1.948439860962679848e+00
-4.793368224473398831e-01
6.709572484105091883e-01
7.057210566683107533e-01
-1.306562390799358875e+00
4.338181850756082647e-01
8.967897681901021434e-01
2.455305350889573468e+00
-1.291487084847319222e+00
3.336808642456264851e-01
-6.555594566000128021e-01
-3.932660414250371161e+00
1.141424965819971993e+00
-7.879685181069705502e-01
-8.392235733274817644e-01
8.638743635079930705e-01
1.660791317471176365e-01
7.699983481277791753e-02
-5.173669469474723170e-01
-5.228166138630099269e-01
-5.458464861733898221e-01
9.282102965434789466e-02
-6.480083740795893332e-01
-1.017236328785391608e+00
-3.603483139502048904e-01
-1.946070949087863600e+00
1.986866333043334210e-01
8.741816571578194806e-01
-4.109164624848868352e-01
-1.769680185450680954e+00
-2.557714433684385447e-01
4.633197847866722952e-01
1.105583265444041591e-01
9.935531860915323976e-02
2.009946290057564866e+00
-2.825838590948457907e-01
-9.721061591847732775e-01
1.544339753656162051e-01
-2.025663572901406084e+00
-1.222506511074522573e+00
-1.685015765352444461e+00
1.131764411587484309e+00
-1.281207105900417975e+00
1.316179869670429936e-01
1.273002311109734386e+00
1.900040333734430986e-01
-1.175377543603384645e+00
1.754196175845437411e+00
-1.691390194393027624e+00
-1.308672406406087951e+00
-9.881803555166510100e-02
-1.834615361425553648e-01
-6.974016633467873261e-01
-2.465849180548077280e-01
7.955120906044851337e-01
8.039831942444864987e-01
1.566236521527681003e+00
3.854852872373851769e-01
2.985252377036110571e-01
5.197170308356671153e-01
7.496903486141410777e-01
1.896229401933132053e+00
1.297974042692859875e+00
-1.917390865746145812e+00
-1.822221782271274404e-01
-1.347986667789291104e+00
-9.342743770553181559e-02
1.237609665553846661e+00
-8.088434791418713798e-01
1.496826764210166694e+00
-2.066188083130014175e-01
-2.577752712527330736e+00
9.948929944403609588e-03
1.699816882771824356e-01
-1.159549391573585497e+00
1.052579361508858974e-01
8.089452969285140238e-01
2.111737173635306469e-02
-3.345074434642883454e-01
-1.351298682108495797e+00
-1.153159564654391511e+00
-7.064414525286276669e-01
-8.929125185107055218e-01
9.594408673422194500e-01
-2.131164535554111172e-01
-1.109837695097017074e-01
-8.566111062665781040e-01
8.957171631860235683e-01
5.540013660235812987e-01
-1.985595813052872527e-01
-1.131598785656138667e-01
2.777992094847350768e-01
-3.930815447932568540e-01
2.886526807863463717e-01
7.554494229305134256e-01
7.852804409449511969e-01
6.000371335019576424e-01
-3.442443226859705913e-02
-1.009478706279832994e-01
-3.926612853836151662e-01
-4.765187170610492573e-01
8.736861236195160307e-01
-3.277945979228771289e-01
-4.365266948223329169e-01
-3.646414958388571326e-01
1.144049223159701034e+00
-3.794158797601705074e-02
4.942580581099715875e-01
-1.312938250971915188e+00
-7.138186297541417868e-01
4.530494510480541637e-01
3.827504753263802906e-01
6.006371738087610407e-02
1.043345247416228805e+00
-5.187131699624402126e-01
4.438197171805320362e-01
1.810063806194231573e+00
2.357641095922973634e-02
1.793358099139767736e+00
9.241448354452601321e-02
3.083936538959094475e-01
4.649922300483861348e-01
4.448026892760126999e-02
-5.535493105918596474e-02
-2.060090900718802853e+00
-5.172295078754030051e-01
2.755519732116286091e-01
-9.145795417473117084e-01
1.830244805412687858e+00
-3.428104199576324784e-02
1.517617510245742318e-01
2.684400403666958868e-01
3.194667992423975700e-01
-3.788076270403209489e-01
7.813219603541854408e-02
2.019670661602609663e+00
1.239568043062575731e+00
7.602597985621548649e-01
-2.568548875450340052e+00
8.940283240197832368e-03
-9.598393721893668795e-01
4.468267755640911720e-01
6.475976917794167287e-01
3.298032025279244439e-01
-6.386945493171874988e-01
-3.901637952122007924e-01
7.948207681677911252e-01
-1.979800947032806402e+00
1.673714582631218584e-01
-3.776303638919963124e+00
-1.050583024163656676e+00
6.452354317727950761e-01
1.104748411508146066e+00
2.003687978948068160e+00
-5.987635917957868648e-01
-1.270641252253801534e+00
-2.506134618572057438e+00
2.103207660371131937e-01
-4.511163107337937683e-01
4.268323465884732992e-01
-8.552478030079089244e-01
-2.054603332243791769e+00
-1.017278167606737727e+00
-6.170596178543589216e-01
8.754880406358348521e-01
4.304329018129666173e-01
5.340039160045587652e-01
-5.295580122126631872e-01
1.827835899056848401e+00
-1.300646463210143322e+00
6.728990142715863820e-01
3.627047243383695885e-01
-3.510908643175855159e-01
-2.349789586612688885e-01
-1.252848137892986768e+00
3.898923996233852884e-01
1.285790137782195364e-01
8.439248809495007997e-01
-1.708743619043232576e-01
9.109758389291473524e-01
3.290608575588721552e-02
-1.502618173489052689e+00
-9.074582383660323437e-01
1.242493955543841233e+00
1.680255435834064670e+00
-1.299304591496937666e+00
-3.180724277032461744e-01
-1.714375008432319769e-01
-8.245910540002201472e-01
6.188372879481761624e-01
-2.135506357380095588e-01
4.123832507926225022e-01
2.009669955958802046e+00
9.870570791986257309e-01
-2.041109429944097386e-01
-2.316601524416891239e-02
-6.258774433216222066e-01
-9.570644892419239991e-01
-2.929188706809593978e-01
-5.925930176469954569e-01
-1.143687109508170430e+00
7.354938878855505902e-01
-4.629112744299415660e-01
8.610829822608889739e-01
-3.093055187705428533e-01
-5.341492260280212949e-03
3.629365536792386604e-01
3.316815906707183959e-01
2.096064075739929589e+00
-2.164401147881464260e-01
4.112442069928983202e-01
1.223563855596415451e+00
-4.299647874041541695e-01
2.700585718805400548e-01
1.102981532075644200e+00
-2.024604311338523921e+00
-1.183542898327698767e+00
-8.950795361772917458e-01
3.228654257436783803e-01
7.115511391697788568e-01
6.849021825524024276e-01
-8.260859797654285241e-01
7.139222398502990119e-01
-2.738818555390913900e-01
6.244010238231934018e-01
-8.616900250218537671e-01
6.390319685673775396e-01
-1.634238139381754273e-01
8.043256592672969330e-01
6.196449670464664328e-01
6.779506519818340182e-02
2.674069352533208765e-01
6.457961168425606635e-01
-1.395682720674452093e-01
3.130947520457412203e-01
-4.373863965110603713e-01
-1.937492117985346818e+00
-1.244915700834657857e+00
-1.803494139454308309e-01
-7.658590988812874478e-02
1.677505524592365627e-01
7.986546301619658061e-01
-1.583462369327929276e+00
1.057216773114602937e+00
-1.918096640498274941e-01
-3.536364625200982825e-01
9.686606303084239755e-01
-2.347017674831501297e-02
-6.577696130204114811e-01
5.818861170195813726e-01
1.020142544494498038e+00
-1.463582617492031002e+00
6.060711272343743961e-01
2.292752397703526679e+00
-2.690515538946603336e+00
-7.417795452760670427e-01
-3.016759722053082293e-01
1.131344864501092840e+00
4.315718248454926687e-01
9.693728484900455689e-01
-4.741036676199869571e-01
2.870435192781765066e-01
5.344338299364658207e-01
-1.508365985016791644e+00
2.380764623270351099e-01
2.777975988461476864e-01
2.076887950504560987e+00
-1.361119393821299983e+00
2.867931678855301314e+00
1.575511655008484113e-01
-8.517664828434566571e-02
-6.855022977260459838e-01
-7.058663825755826515e-01
1.687852460818529021e+00
1.354693898372229421e+00
1.333469310150588560e+00
7.394135923728798465e-01
1.256863520777534715e+00
5.878751002233425504e-01
2.509789280570650649e-01
1.135536153764089340e+00
1.514843097030621477e+00
4.176702265520452206e-01
-7.350618188918722762e-01
-1.110289808598620365e+00
-1.409927065801399870e-01
1.471066982149273228e+00
5.936152402414091034e-01
-7.579335236422070077e-01
-3.260868870275367981e-01
1.347857377366577236e-01
6.833295820841671642e-01
4.913348587026695746e-01
-2.503688693430047296e-01
2.232135609720986846e-01
2.164736938454214499e-01
-1.518732753694488569e+00
-1.873375720313132264e+00
1.413738645175179220e+00
-9.816202431740829182e-01
-2.548741379676204843e-01
6.310368009913910337e-01
-1.731815914701733683e-01
1.979283724830790681e-01
8.111948280074173789e-01
-1.169269103993773040e-01
6.456187056521737189e-01
-5.688565766191679973e-01
2.470927070712214846e+00
-2.286086186513905660e-01
9.356172891367149358e-01
5.377516595974424218e-01
2.909594900019874530e-01
1.136114248941488963e-01
-4.202022635177453669e-01
2.032672091803831016e+00
1.393153965853922482e+00
-1.675930306246027568e+00
1.478703546444536610e+00
6.516652931883339939e-01
6.214450930603746676e-02
1.529556403864697212e-01
1.023578799120617555e+00
-3.699075285755730746e-01
4.790701304562524632e-01
-2.134824427406803782e+00
-6.259607610882446382e-02
-2.189822046648089160e-01
1.546302021245517855e+00
-1.408954261467110780e-01
2.539920488338888838e+00
4.576122176601439828e-01
5.755290326898164777e-01
-2.835651172475924242e-01
2.121456049271234767e-01
-8.418473874883503072e-01
-4.947377643288777826e-02
1.544707304286080829e+00
2.434411023904721749e-01
-4.621709015913996743e-02
-4.352475844649638659e-01
-1.122029128034265799e+00
-8.717445680208348868e-01
-3.422095569212563193e-01
2.480098998429904333e-01
9.270458542204833285e-02
-4.020689518180987632e-01
1.901536016715062338e+00
-1.428926966719409331e-01
-2.693203759252039697e-01
-4.683576599645273841e-01
-7.302823025526801182e-01
-4.628438515803156017e-01
1.180652480731124498e+00
8.415703615761218614e-01
1.354128426478902414e+00
6.674406882486579873e-01
-1.697596311425744742e-01
-1.454930640946098919e+00
5.789226503382420841e-01
-9.317364453733235630e-01
-1.031798686422274458e-01
1.175643525280111179e+00
-1.581213746961964484e+00
-5.105853681953718137e-01
1.375948396676037300e+00
1.334237623759417124e+00
-4.878255823421751014e-01
-1.013908242036194007e+00
-1.556016848615496828e+00
7.534051901854380562e-01
1.108213617428350783e+00
-5.985632021016866755e-01
7.444814297780059098e-01
4.981013172883774764e-01
1.174134035130788289e+00
-2.549034004487814808e+00
3.941466746124597798e-01
-7.684323256655339884e-01
-1.938940113543740740e+00
9.755897779982126705e-01
8.353703055259046328e-01
-6.887850112396031177e-01
-1.507344934228402322e-01
1.790363088603514619e-01
-8.198881312208802230e-01
1.684063295123256962e-02
-1.463451180860071144e-01
-3.870680442947435629e-02
-8.573574295958762415e-01
-1.502619804791205604e+00
6.474321874371573582e-01
-5.168470683511636743e-01
1.095922322099522228e+00
-2.922587505819974618e-01
4.760747660305256201e-01
5.926826192489722533e-01
5.160945597835958631e-01
-1.840070227723252350e+00
-1.974708694023007693e-01
-6.942344602890634375e-01
7.374508559271454322e-01
3.026859645592266945e-01
-8.627331912924045554e-01
1.473999172094313082e+00
1.850822451154111148e+00
-1.870237177399762585e+00
-1.980933087737664633e-01
-1.765275946757123737e+00
-1.720545062969103034e+00
6.207682924147347459e-01
-7.146914653587527200e-01
8.330138739247293644e-01
9.351552270806762213e-01
-1.016030136867884792e+00
-6.961754810897767543e-02
-6.587694455702740592e-01
9.449608951070462837e-01
-6.751227498540339766e-01
3.591300380160228900e-01
-1.654377136121252034e+00
-1.215660993159628056e+00
-4.165649474803790331e-01
1.095033769212301777e+00
-1.019604256594800251e+00
9.446461822125937768e-01
2.095758895532750798e-01
2.118740148644246979e+00
-6.606238483407927964e-01
2.922962685933727656e-01
4.564474931630032040e-01
-2.795247428885330176e-01
3.728408506288389268e-01
-4.334133775049036075e-01
2.776048285217080025e+00
8.948859449299070290e-01
-2.793990469653353070e+00
-1.754925524467997988e+00
3.416072634859609880e-01
1.023254259880298722e+00
-1.942043847338002172e+00
-5.924450689396698611e-01
9.805978201474316314e-02
-1.390421848939574545e+00
-2.716400092210586870e+00
-2.510677551950798309e-02
4.702235346369922353e-01
-1.145353316406640065e+00
2.988697418685910989e+00
-2.460301523766729101e-02
5.239744294065338259e-01
-1.344392388938163707e+00
2.496239905932120251e-01
-1.313906094367201627e+00
-1.667234442882574224e-03
-1.268908874771786266e+00
-1.535236023711195275e+00
-1.085652586408569098e+00
-5.368875402393968876e-01
-1.267697975100825269e+00
-9.120812132740112599e-01
-2.966405410185982694e-01
3.834897344118780027e-01
-2.014306076043080040e-01
1.622234170491320571e+00
-6.986162819097537779e-01
2.630371390136542420e+00
5.150039045996541720e-01
